499.9  0.10951834862385323
503.2293336640075  0.11009174311926609
509.7507072771681  0.1118119266055046
521.367123500902  0.11410550458715599
529.8262878303201  0.11467889908256884
540.1586499110848  0.11639908256880735
554.2492473751714  0.11697247706422023
570.5410027789037  0.11869266055045874
583.5427341475331  0.11869266055045874
604.5752431146705  0.11869266055045874
618.3525612474864  0.11811926605504591
638.580841978043  0.11869266055045874
653.1330941809739  0.11983944954128442
665.8701134097543  0.1209862385321101
685.4428833678594  0.12213302752293581
694.3255713073268  0.12270642201834867
698.8099891897356  0.11983944954128442
698.8099891897356  0.11582568807339452
705.5909807300894  0.11123853211009177
707.8659021090681  0.1077981651376147
707.8659021090681  0.1037844036697248
710.1481581442738  0.10034403669724773
721.6702885149771  0.09805045871559634
728.6731078750994  0.09518348623853215
742.8832642263691  0.09174311926605508
764.7197800026544  0.09174311926605508
787.1981643526568  0.0923165137614679
805.1371713949916  0.0923165137614679
828.8035957066894  0.09174311926605508
844.9664382106911  0.09346330275229359
858.6759907150214  0.09747706422018351
869.8036149878986  0.10034403669724773
878.2438649073953  0.10435779816513766
886.7660158646389  0.10894495412844041
892.4933425588989  0.11238532110091748
904.0592075527134  0.11811926605504591
906.9740175138555  0.12155963302752298
912.8318609681319  0.12614678899082574
921.6896409408646  0.132454128440367
924.6612938194062  0.13818807339449543
927.6425277113793  0.14220183486238536
936.6440248711108  0.14736238532110094
939.6638927192897  0.15137614678899083
948.7820407221448  0.15653669724770644
970.4032899588622  0.15538990825688076
989.3275268012428  0.15424311926605508
1011.8727438433297  0.1530963302752294
1021.6915796099336  0.15022935779816518
1028.2903456344695  0.14736238532110094
1038.2684916865312  0.14449541284403675
1048.34346194691  0.14105504587155968
1058.5161959616157  0.1376146788990826
1068.7876423936661  0.13360091743119268
1075.6905862201816  0.13130733944954132
1093.1436303924772  0.12901376146788993
1110.879849629037  0.12614678899082574
1136.195052773687  0.12213302752293581
1154.6297799140293  0.1192660550458716
1165.8338767228286  0.11582568807339452
1177.1466939089162  0.1118119266055046
1192.4013956421866  0.10607798165137616
1211.7480688359888  0.10263761467889909
1227.4511714837797  0.0997706422018349
1243.3577714088585  0.09690366972477066
1259.470505742421  0.0946100917431193
1279.9053730286228  0.09174311926605508
1292.3250974762138  0.09002293577981652
1321.7751522075735  0.09174311926605508
1347.5516373983958  0.0946100917431193
1373.830800512678  0.09747706422018351
1400.622444480993  0.10091743119266058
1427.9365634049261  0.10435779816513766
1451.1047869030176  0.10837155963302755
1488.9583572083814  0.1129587155963303
1532.7252102566488  0.11639908256880735
1587.9689050924258  0.11983944954128442
1608.5474720070156  0.12041284403669728
1639.916423088956  0.11811926605504591
1671.8971130900798  0.11410550458715599
1699.0235884354015  0.11238532110091748
1760.2611410053062  0.11467889908256884
1794.5887232399416  0.11582568807339452
1877.3123796421548  0.11123853211009177
1932.4946180491033  0.10951834862385323
1835.4845753927084  0.11353211009174316
1995.7126688732537  0.1077981651376147
2041.1918191591703  0.1118119266055046
2087.707367691685  0.11582568807339452
2128.420614537185  0.12213302752293581
2162.9541685894474  0.12729357798165142
2205.134834493142  0.132454128440367
2240.9130742261045  0.13876146788990826
2277.271814715019  0.14736238532110094
2299.369611182657  0.15137614678899083
2351.768625199488  0.1559633027522936
2389.9259933352946  0.16055045871559634
2428.7024635066746  0.1651376146788991
2460.176137834065  0.17029816513761473
2500.0924142757176  0.17373853211009177
2557.065585018641  0.17201834862385323
2590.2027233325916  0.17029816513761473
2606.9319810347183  0.1674311926605505
2632.22867682204  0.1622706422018349
2657.770842311834  0.15711009174311932
2683.5608594505616  0.1519495412844037
2700.893086296238  0.14850917431192664
2744.7149872625882  0.14506880733944957
2789.2478971222768  0.139908256880734
2816.31371857149  0.14449541284403675
2852.8104661615994  0.15022935779816518
2871.23581991242  0.15481651376146793
2889.7801768935183  0.15883027522935783
2927.2289799197947  0.1651376146788991
2946.134978094025  0.17201834862385323
2984.314085752681  0.17832568807339452
3003.5887776348704  0.1846330275229358
3091.8770954456068  0.18922018348623856
3121.879517781244  0.1857798165137615
3142.042699024741  0.18119266055045874
3182.760584446191  0.17775229357798167
3193.0222378622157  0.1743119266055046
3297.4761598708546  0.1743119266055046
3383.494238492405  0.1806192660550459
3416.326404836587  0.18405963302752298
3438.39132056934  0.18807339449541288
3562.3205412596667  0.20355504587155968
3528.085317009325  0.19782110091743124
3643.500218970499  0.21502293577981657
3726.5298537519884  0.2299311926605505
3762.690709784496  0.24082568807339455
3799.20245727912  0.24885321100917437
3885.7803009818313  0.2603211009174312
3987.144902037512  0.2517201834862386
4025.8346693120616  0.24369266055045874
4064.8998676603587  0.23681192660550465
4104.344140125536  0.2299311926605505
4197.875682458879  0.22935779816513768
4157.532537113172  0.22935779816513768
4197.875682458879  0.23222477064220187
4224.98836497625  0.23681192660550465
4279.740196390082  0.2454128440366973
4293.538661414627  0.25516055045871566
4363.201184144741  0.26662844036697253
4391.381649078338  0.27637614678899086
4448.289779220729  0.2872706422018349
4505.935384612381  0.29128440366972486
4593.807498502765  0.29013761467889915
4683.393242913891  0.29300458715596334
4744.085565620943  0.2998853211009175
4713.64172183615  0.2958715596330276
500.              0.40
500.  0.11009174311926609
