499.9  0.028096330275229398
500. 0.027522935779816515                
509.13021855534686  0.028723823907310098
527.3797441869348  0.0308235466492347
546.2834152093089  0.0330528819060929
565.8646791465818  0.03546367468385814
586.1478239879899  0.038030002479543745
607.158008313958  0.04075186529314967
628.9212925020187  0.043681108130649404
651.4646710512911  0.046843653495029614
674.8161060656166  0.05026542388927707
699.0045619368802  0.05389457430741834
724.0600412715394  0.057808872258413524
750.0136221049213  0.061956472736289236
776.8974964494489  0.06646698825597908
804.7450102246098  0.0712885738115096
833.5907046181944  0.07647307440885426
863.4703589301088  0.0820464125509997
894.4210349519022  0.08793082072898586
924.9992215170328  0.09397594842548973
955.0926926852114  0.10030622365484751
984.5878443037196  0.10652877648290493
1013.3703874890055  0.11280202220569194
1041.3260696406119  0.11911883213488719
1068.3414168177899  0.12535643441606745
1094.3044908814084  0.1316805993411498
1119.1056544490732  0.13754649144557404
1144.4689081108895  0.14381973716836105
1170.4069909979503  0.15033739506216573
1195.0184433715701  0.156746425324407
1218.195809139698  0.16292462186957601
1241.8226995883272  0.16934044135879
1265.907833242263  0.175756260848004
1288.3960139495643  0.18220059509050338
1309.186294265067  0.18801760476072404
1330.3120581981202  0.19423382097694028
1351.7787193004378  0.2005640962062981
1373.5917784798398  0.20689437143565587
1393.52432010526  0.21303930076865862
1413.7461079404154  0.21944086288122988
1436.5591076398873  0.2263984626828664
1457.405384284101  0.23292834118522196
1476.1892273877982  0.239059013141582
1495.21516700462  0.2452609719811555
1514.4863234077366  0.2515342177039425
1534.0058570861167  0.257878750309943
1553.7769692628513  0.2647222910984379
1573.8029024201576  0.27170840565335985
1594.0869408311482  0.2786945202082817
1614.6324110984572  0.28589449541284406
1632.826801195192  0.29228655260765357
1643.3154988266133  0.3
499.99                0.3