499.  0.014334862385321112
506.47952451984264  0.015481651376146766
521.367123500902  0.016055045871559648
538.4227018211122  0.016628440366972475
554.2492473751714  0.017775229357798183
574.2259373128454  0.019495412844036664
594.9226429163157  0.020642201834862373
606.5244760035881  0.021215596330275255
618.3525612474864  0.021788990825688137
632.4438427737666  0.02293577981651379
642.7052231984237  0.023509174311926617
655.2388841922541  0.02465596330275227
665.8701134097543  0.02465596330275227
676.673833969575  0.02580275229357798
687.6528445380387  0.02694954128440369
703.3233704354067  0.028096330275229398
717.0391710480213  0.02924311926605505
731.0224491743272  0.029816513761467878
745.2784210042029  0.03153669724770641
759.8124044506078  0.03268348623853212
774.629821133327  0.03325688073394495
787.1981643526568  0.03497706422018354
799.9704285248995  0.036123853211009194
812.9499222607659  0.0372706422018349
828.8035957066894  0.038417431192660556
839.5441021477209  0.039564220183486265
853.1656774288269  0.04071100917431192
867.0082623182004  0.042431192660550454
881.0754426894233  0.04415137614678899
892.4933425588989  0.0452981651376147
912.8318609681319  0.047018348623853234
927.6425277113793  0.04816513761467889
939.6638927192897  0.0493119266055046
954.9099082899654  0.05103211009174313
970.4032899588622  0.053325688073394495
982.978793781712  0.054472477064220204
1005.3793331917813  0.056766055045871566
1018.4080932741007  0.0584862385321101
1031.6056936972534  0.06020642201834864
1044.9743224714957  0.060779816513761464
1058.5161959616157  0.06307339449541283
1072.2335592543848  0.06479357798165142
1089.6305132785378  0.0665137614678899
1107.309732306154  0.06880733944954132
1125.2757960775791  0.07052752293577985
1139.8583003021206  0.07282110091743121
1154.6297799140293  0.07511467889908258
1177.1466939089162  0.07798165137614682
1192.4013956421866  0.07970183486238536
1209.799359381504  0.08199541284403672
1223.506420220382  0.08371559633027525
1235.3788702617771  0.08543577981651379
1251.3882056240918  0.08772935779816515
1267.6050067484598  0.09002293577981652
1279.9053730286228  0.0923165137614679
1292.3250974762138  0.09403669724770644
1309.0724017896255  0.09575688073394498
1321.7751522075735  0.09747706422018351
1334.6011653785672  0.09919724770642205
1351.8963273291306  0.10149082568807341
1365.0146251509514  0.1037844036697248
1378.260218042862  0.10550458715596334
1391.6343412287536  0.10722477064220184
1400.622444480993  0.10894495412844041
1414.2135623730937  0.11066513761467892
1423.3474973032303  0.1129587155963303
1437.1591306334694  0.11553899082568816
1451.1047869030176  0.11869266055045874
1465.1857666205037  0.1209862385321101
1479.4033829141968  0.12327981651376149
1493.7589616544833  0.12557339449541285
1508.2538415774957  0.1284403669724771
1522.889374409964  0.1307339449541285
1542.6245724949601  0.13302752293577985
1562.6155199797474  0.13646788990825692
1577.7785582673002  0.14048165137614682
1598.2250679776519  0.14334862385321107
1613.7336480397428  0.14564220183486243
1624.1562168284574  0.14850917431192664
1645.2037368904491  0.1519495412844037
1655.8295605138335  0.15366972477064225
1671.8971130900798  0.15653669724770644
1682.6953403501993  0.15883027522935783
1699.0235884354015  0.16141055045871566
1715.5102797510187  0.16456422018348627
1732.1569517710766  0.1674311926605505
1748.9651568886725  0.17115825688073405
1765.9364625607418  0.17373853211009177
1783.0724514542483  0.176605504587156
1794.5887232399416  0.17947247706422023
1806.1793747939578  0.18291284403669728
1823.705865900704  0.1857798165137615
1841.4024275413087  0.18922018348623856
1859.2707100168107  0.19266055045871563
1871.2791210055336  0.19552752293577985
1889.4373157730302  0.19896788990825692
1901.6405628327461  0.202408256880734
1920.0933737095847  0.20584862385321104
1935.6074239071413  0.20986238532110096
1951.2468251719054  0.21330275229357804
1960.691055435135  0.21616972477064225
1976.5331284678405  0.21846330275229364
1989.2988984074173  0.220756880733945
1995.7126688732537  0.22305045871559637
2008.6023130838134  0.2259174311926606
2021.5752072183036  0.22878440366972483
2034.631888960292  0.23107798165137622
2047.7728994660597  0.2339449541284404
2060.9987833870405  0.23795871559633033
2080.9979470095154  0.24139908256880738
2094.4384204595344  0.2454128440366973
2107.9657014562986  0.24885321100917437
2121.580350660873  0.2517201834862386
2135.2829323554474  0.25516055045871566
2149.0740144667225  0.25860091743119273
2162.9541685894474  0.2620412844036698
2176.9239700101125  0.264908256880734
2198.048028413668  0.2689220183486239
2205.134834493142  0.27178899082568814
2219.3770668025536  0.2746559633027523
2233.7112849524597  0.27752293577981657
2248.1380830488033  0.28153669724770647
2262.6580590346593  0.28497706422018354
2277.271814715019  0.28899082568807344
2284.614049066825  0.29128440366972486
2299.369611182657  0.29529816513761475
2306.7830918386044  0.2975917431192661
