1521.0526315789473 0.46172729664155554
1505.2631578947369 0.514759845399767
1542.1052631578948 0.39223515346168303
1568.421052631579 0.3242708308881552
1600 0.25389218326111995
1642.1052631578948 0.18827453727428253
1663.157894736842 0.16435120164346162
1694.7368421052631 0.12868097106532328
1721.0526315789475 0.10931909578940478
1736.842105263158 0.10354224597238243
1763.157894736842 0.09038983912792153
1794.7368421052631 0.07891187872608994
1821.0526315789473 0.06888813311269922
1863.157894736842 0.05543035589708468
1900 0.0470945707900634
1931.578947368421 0.04001043580880043
1968.421052631579 0.03399354507189703
1994.7368421052631 0.028878734588113263
2036.842105263158 0.024537034464255238
2068.421052631579 0.020286362452055878
2100 0.017234814736931305
2147.3684210526317 0.015463647182936205
2189.4736842105262 0.014256628693871549
2221.0526315789475 0.013142569139916625
2257.894736842105 0.012450442027305756
2289.4736842105262 0.011477523801733636
2326.315789473684 0.010297031472467738
2378.9473684210525 0.00923927918572939
2452.6315789473683 0.00806913087740392
2489.4736842105262 0.007644186241693803
2526.315789473684 0.007047181041702999
2573.684210526316 0.006497421969131832
2615.789473684211 0.006155542157093962
2663.157894736842 0.005522956503444218
2710.5263157894733 0.005232600733792847
2757.894736842105 0.004824399254432253
2815.789473684211 0.004448466869103034
2878.9473684210525 0.003884700617682427
2921.0526315789475 0.0036802963596080317
2973.684210526316 0.0033933540399878445
3031.578947368421 0.003044920521605669
3094.7368421052624 0.0026590294991812534
3152.6315789473683 0.0025194782010442137
3194.7368421052633 0.002386908893109675
3247.3684210526317 0.0022008083437006845
3289.473684210526 0.0021425343443440253
3331.578947368421 0.002029798979085473
3389.473684210526 0.0019232709835984639
3431.578947368421 0.0018220727659831795
3478.9473684210525 0.001726281799677741
3542.105263157894 0.0016357611107859335
3621.0526315789475 0.0015085855632715032
3673.684210526316 0.0014293436598868537
3731.578947368421 0.0013543287857447745
3773.684210526316 0.001318468255219664
3815.78947368421 0.0012835572560513956
3857.894736842105 0.001216019344011287
3894.7368421052633 0.0011519801178531972
3926.315789473684 0.0011523102052310474
3968.421052631579 0.0010916782194611053
4021.0526315789475 0.0010628737684183775
4057.894736842105 0.001006899647637766
4100 0.0009802385030694006
4136.8421052631575 0.000954237738718095
4173.684210526316 0.0009289266429981857
4215.789473684211 0.0009043301029353485
4278.9473684210525 0.000856909928593831
4326.315789473684 0.0008118600098259407
4363.157894736842 0.0007903254743678507
4405.263157894737 0.0007693988787755128
4442.105263157895 0.0007288800259740806
4473.684210526316 0.0007290888786207662
4521.052631578947 0.0007098176260804757
4547.368421052632 0.0006909237724735134
4594.736842105262 0.0006546001650719566
4636.8421052631575 0.0006372673656451213
4684.210526315789 0.0006375412883175594
4721.052631578947 0.0006206305459320424
4784.210526315789 0.0006043126213708651
4836.8421052631575 0.0005725697202569562
4884.210526315789 0.0005424682842415546
4936.8421052631575 0.0005281549995601178
4963.1578947368425 0.0005140966233282169
5010.526315789474 0.0005005080387965069
5047.368421052631 0.0004872320946952173
5073.684210526315 0.00047426300019608647
5100 0.0004743762432475049
