1005.3793331917813  0.10034403669724773
1021.6915796099336  0.10263761467889909
1034.9317308935333  0.10493119266055048
1051.7234639866583  0.10722477064220184
1072.2335592543848  0.11066513761467892
1096.6680742742594  0.11238532110091748
1110.879849629037  0.1118119266055046
1125.2757960775791  0.11009174311926609
1139.8583003021206  0.1077981651376147
1162.0871495495146  0.10550458715596334
1180.9419751034075  0.1037844036697248
1196.2458600717964  0.10321100917431195
1211.7480688359888  0.10493119266055048
1231.4086411622761  0.10607798165137616
1255.422851559375  0.1077981651376147
1275.7920457903758  0.10951834862385323
1296.4917295238588  0.11066513761467892
1317.527264941072  0.1129587155963303
1338.9041012244704  0.11467889908256884
1360.6277759693164  0.11697247706422023
1382.7039166181717  0.1192660550458716
1400.622444480993  0.12041284403669728
1418.7731794251076  0.12041284403669728
1451.1047869030176  0.12041284403669728
1474.64891406085  0.12041284403669728
1503.4066538560526  0.12041284403669728
1527.799377074794  0.12155963302752298
1557.5936260829878  0.12213302752293581
1582.8655311333403  0.12385321100917435
1613.7336480397428  0.12500000000000003
1639.916423088956  0.12614678899082574
1677.287536989893  0.12729357798165142
1709.9970165755565  0.1284403669724771
1748.9651568886725  0.12958715596330278
1788.8213197800367  0.13016055045871563
1823.705865900704  0.1307339449541285
1865.265251901614  0.13188073394495417
1907.7717108911386  0.132454128440367
1938.725243781893  0.13417431192660553
1970.1809967197048  0.13704128440366975
2002.14711820822  0.139908256880734
2028.093040897747  0.14220183486238536
2047.7728994660597  0.14506880733944957
2074.3100888923814  0.14793577981651382
2114.762069850116  0.150802752293578
2142.1673752205725  0.15424311926605508
2176.9239700101125  0.15711009174311932
2219.3770668025536  0.16055045871559634
2255.3863862835333  0.16456422018348627
2299.369611182657  0.16800458715596334
2336.676807049663  0.17087155963302758
2366.9579163821145  0.1743119266055046
2397.6314400953843  0.176605504587156
2420.897161484148  0.17947247706422023
2452.2696865198586  0.18233944954128442
2476.065597076659  0.1857798165137615
2516.239679468821  0.18979357798165142
2557.065585018641  0.1932339449541285
2573.580820968195  0.19667431192660553
2606.9319810347183  0.20068807339449546
2632.22867682204  0.20355504587155968
2666.339857328646  0.20756880733944957
2683.5608594505616  0.2104357798165138
2709.6011332981875  0.21330275229357804
2727.101545609776  0.21616972477064225
2744.7149872625882  0.21903669724770647
2771.3486779613895  0.22305045871559637
2798.2408120626988  0.2259174311926606
2825.3938974049265  0.22935779816513768
2834.5033519710714  0.23222477064220187
2852.8104661615994  0.23566513761467894
2871.23581991242  0.23910550458715601
2889.7801768935183  0.2431192660550459
2908.4443057071694  0.24713302752293584
2917.821526095922  0.25000000000000006
2936.6667646554997  0.2534403669724771
2946.134978094025  0.25688073394495414
2965.1630838209667  0.2608944954128441
2984.314085752681  0.2637614678899083
2993.9359206409913  0.2677752293577982
3003.5887776348704  0.27121559633027525
3022.987958339777  0.27580275229357804
3022.987958339777  0.27981651376146793
3042.5124318992926  0.2844036697247707
3052.3219061785303  0.2884174311926606
3062.1630075382836  0.2924311926605505
3081.940499708131  0.2958715596330276
3091.8770954456068  0.2987385321100918
