998.9275921890559  0.06823394495412849
1015.1351593228943  0.06995412844036697
1031.6056936972534  0.07110091743119268
1048.34346194691  0.0716743119266055
1065.3527999326502  0.07282110091743121
1082.6381138644565  0.07339449541284404
1100.203881442922  0.07396788990825692
1114.4614774961942  0.07396788990825692
1128.9038384359087  0.07339449541284404
1143.5333586392899  0.07339449541284404
1162.0871495495146  0.07339449541284404
1196.2458600717964  0.07282110091743121
1184.749492801148  0.07339449541284404
1215.6549095737753  0.07224770642201833
1231.4086411622761  0.07052752293577985
1255.422851559375  0.06995412844036697
1279.9053730286228  0.06880733944954132
1300.6717953604586  0.06938073394495414
1326.0367352409173  0.06938073394495414
1347.5516373983958  0.07052752293577985
1373.830800512678  0.07052752293577985
1400.622444480993  0.0716743119266055
1423.3474973032303  0.07052752293577985
1446.441263355652  0.07052752293577985
1469.9097249982176  0.07052752293577985
1498.5750439028598  0.07052752293577985
1527.799377074794  0.07110091743119268
1562.6155199797474  0.0716743119266055
1603.3779631745263  0.07339449541284404
1582.8655311333403  0.07224770642201833
1624.1562168284574  0.07396788990825692
1645.2037368904491  0.07454128440366975
1677.287536989893  0.07511467889908258
1709.9970165755565  0.0756880733944954
1737.7416615944  0.07626146788990829
1765.9364625607418  0.077408256880734
1794.5887232399416  0.07855504587155965
1817.8448865104763  0.07912844036697247
1853.2954332377994  0.08027522935779818
1889.4373157730302  0.08142201834862389
1920.0933737095847  0.08314220183486243
1957.5379105733318  0.08543577981651379
2002.14711820822  0.08772935779816515
2034.631888960292  0.09002293577981652
2067.643724043061  0.09288990825688076
2101.191175057854  0.09575688073394498
2149.0740144667225  0.09805045871559634
2176.9239700101125  0.10091743119266058
2212.2444894001937  0.10321100917431195
2248.1380830488033  0.10493119266055048
2277.271814715019  0.1077981651376147
2306.7830918386044  0.10951834862385323
2351.768625199488  0.1118119266055046
2389.9259933352946  0.11467889908256884
2413.116943942153  0.11754587155963306
2452.2696865198586  0.11983944954128442
2476.065597076659  0.12213302752293581
2508.1530525746552  0.12500000000000003
2548.8477528706626  0.12786697247706424
2565.3099125762155  0.13130733944954132
2598.5538895352843  0.13360091743119268
2632.22867682204  0.13704128440366975
2657.770842311834  0.14048165137614682
2692.2130249936013  0.1439220183486239
2727.101545609776  0.14736238532110094
2753.564322039042  0.14965596330275233
2780.2838833824867  0.1530963302752294
2807.2627213851583  0.15711009174311932
2843.6421766588724  0.16112385321100922
2862.0083154778276  0.16456422018348627
2889.7801768935183  0.1674311926605505
2908.4443057071694  0.1714449541284404
2936.6667646554997  0.17488532110091748
2965.1630838209667  0.17947247706422023
2993.9359206409913  0.18405963302752298
3013.2727567538095  0.18750000000000003
3032.7344830582538  0.19036697247706424
3052.3219061785303  0.19380733944954132
3072.0358379485533  0.19839449541284407
3091.8770954456068  0.20298165137614682
3111.846501024203  0.20756880733944957
3131.9448823501693  0.21215596330275233
3152.1730724349522  0.2167431192660551
3172.53190967014  0.22190366972477069
3182.760584446191  0.22649082568807344
3203.3169762458515  0.23050458715596334
3213.6449062675256  0.23451834862385326
3224.006134941607  0.2385321100917432
3234.400769627481  0.24254587155963309
3244.8289180306783  0.24655963302752298
3265.786188548565  0.2522935779816514
3276.3155278150834  0.2557339449541285
3276.3155278150834  0.2597477064220184
3297.4761598708546  0.26433486238532117
3297.4761598708546  0.26834862385321107
3308.1076719190964  0.27178899082568814
3318.7734614095248  0.27580275229357804
3329.47363885728  0.28096330275229364
3329.47363885728  0.2844036697247707
3340.208315133818  0.2884174311926606
3350.9776014680588  0.29300458715596334
3361.7816094475406  0.2975917431192661
