1505.2631578947369 0.5739657604906232
1521.0526315789473 0.514833589535983
1536.842105263158 0.47453482894784194
1573.6842105263158 0.3818129089222964
1594.7368421052631 0.3243482592735885
1626.3157894736842 0.27555862575352685
1652.6315789473683 0.22781136199263052
1689.4736842105262 0.18835546510329548
1726.3157894736842 0.16444540123730342
1768.421052631579 0.14357736455803288
1805.2631578947364 0.1288100697612779
1836.842105263158 0.11874442998454464
1868.4210526315787 0.10366592250571417
1900 0.09820187485605636
1921.0526315789473 0.08342202796879991
1947.3684210526314 0.06711533814006901
1973.6842105263158 0.05548596619131367
1989.4736842105265 0.04713281507230098
2010.5263157894738 0.04114382595818941
2047.3684210526317 0.031350648332288296
2071.0526315789475 0.025221865019196012
2100 0.019217104123021526
2131.578947368421 0.017715416809189647
2173.684210526316 0.01678327119856563
2215.7894736842104 0.015057788328146636
2263.157894736842 0.013147590526752908
2305.2631578947367 0.012121352365424836
2363.157894736842 0.010876717882118683
2410.5263157894733 0.01002821203274337
2457.894736842105 0.008997644309905116
2521.0526315789475 0.008296915690986721
2563.157894736842 0.007649298054425362
2605.2631578947367 0.007052230359409277
2647.3684210526317 0.006501766918782975
2684.210526315789 0.006159364370509619
2742.1052631578946 0.005679407298592295
2773.684210526316 0.005235599853111303
2810.5263157894733 0.004826703439738995
2857.894736842105 0.004330678350075369
2905.2631578947367 0.003992836921105061
2957.894736842105 0.004218223714175491
3021.0526315789475 0.004579725530274344
3068.4210526315783 0.004708108021841665
3110.5263157894733 0.00497339530421738
3168.4210526315783 0.004842401112151441
3221.0526315789475 0.0048447138953402955
3273.684210526316 0.004716883806100959
3315.78947368421 0.0044686919298929035
3394.7368421052633 0.004121264460741011
3442.105263157894 0.003904599181250034
3505.2631578947367 0.0036998545052654283
3568.421052631579 0.0034117130930938337
3626.315789473684 0.0032326594228886097
3673.684210526316 0.003062710354093982
3715.78947368421 0.0029015573852459457
3757.894736842105 0.0028247286356253283
3805.2631578947367 0.0026043681559105502
3847.3684210526317 0.0024010836086541913
3910.5263157894733 0.0022140893307021577
3963.1578947368416 0.0020414630347954745
4036.8421052631575 0.0018321056773288973
4084.210526315789 0.0017357872555394597
4126.315789473684 0.001644454012373039
4173.684210526316 0.001516168176181485
4205.263157894737 0.0014362536299226236
4273.684210526316 0.0012889005289909922
4310.526315789473 0.001254712523906894
4363.157894736842 0.0011568861298105531
4410.526315789473 0.0010379965909287287
4463.157894736842 0.0009313694265253615
4526.315789473684 0.0008357752434155329
4568.421052631578 0.0007917986193818354
4605.263157894737 0.0007501001290510849
4636.8421052631575 0.000710563676298989
4673.684210526316 0.000673143261738696
4715.78947368421 0.0006377239688420512
4778.9473684210525 0.0006042837663251884
4821.0526315789475 0.0005882832672763418
4910.526315789473 0.0005575686795499818
4968.421052631579 0.0005428828855940939
5047.368421052631 0.0005286848690593981
5105.263157894737 0.0005147598453997686
