1505.2631578947369 1.7519413187563901
1536.842105263158 1.6150388991143654
1573.6842105263158 1.4489280667776387
1605.2631578947369 1.3357040928320352
1636.842105263158 1.1982663330620638
1678.9473684210527 1.046206952856047
1721.0526315789475 0.9386467427689551
1757.8947368421054 0.8421045531059018
1784.2105263157894 0.7762626843165539
1821.0526315789473 0.7156371521221532
1857.8947368421052 0.6420320624520017
1892.1052631578943 0.583875633775402
1931.578947368421 0.5310124749578671
1957.8947368421052 0.4894940511793347
1984.2105263157894 0.4512218402382514
2010.5263157894738 0.4392112630413982
2047.3684210526317 0.3940372746529584
2078.9473684210525 0.3534926655701602
2115.7894736842104 0.3348766814847421
2152.6315789473683 0.3004337684861176
2194.7368421052633 0.2695462665751357
2226.315789473684 0.24848304048157857
2252.6315789473683 0.2290548261494933
2289.4736842105262 0.21405914245507995
2326.315789473684 0.19467392484375684
2363.157894736842 0.17947003763331268
2405.2631578947367 0.16101877911368614
2431.578947368421 0.15252448053681705
2457.894736842105 0.14059900549024568
2489.4736842105262 0.1296121397517628
2521.0526315789475 0.12278051282500002
2552.6315789473683 0.11318604233065548
2584.210526315789 0.10434131511355287
2631.578947368421 0.09361848723920983
2673.684210526316 0.08631107497875143
2705.2631578947367 0.08065663936619528
2731.578947368421 0.07536903980898566
2768.4210526315787 0.06761714359029027
2805.2631578947367 0.06233629549795175
2847.3684210526317 0.057470621810773184
2884.210526315789 0.05298220944313642
2915.789473684211 0.04884200646196889
2957.894736842105 0.043820575031234224
3000 0.04040015010570237
3042.105263157894 0.03624662329051849
3078.9473684210525 0.03433776738473019
3115.78947368421 0.032975145442651864
3152.6315789473683 0.029583568398342114
3178.9473684210525 0.0276441612473256
3221.0526315789475 0.025486389969600978
3278.9473684210525 0.022255368047253258
3326.315789473684 0.01996825406377375
3373.684210526316 0.017916179571095793
3436.8421052631575 0.01564561362247003
3489.473684210526 0.014425769287653802
3547.3684210526317 0.012596950970476117
3589.473684210526 0.01161369310463552
3636.8421052631575 0.010562964589552772
3700 0.009099611536629863
3752.6315789473683 0.008164863018376167
3815.78947368421 0.0071301078200844865
3878.9473684210525 0.006226489949875574
3942.105263157895 0.005437390019081387
4005.2631578947367 0.004748294859160057
4078.9473684210525 0.004146926604647445
4157.894736842105 0.0035246453475883135
4226.315789473684 0.002995456555348879
4263.157894736842 0.0028377068281431037
4357.894736842105 0.0023474615202989176
4421.052631578947 0.0020499613656175574
4489.473684210527 0.0017902496928891324
4552.631578947368 0.0015633665018560626
4589.473684210527 0.0014025703061650015
4631.578947368421 0.0012583724910184017
4684.210526315789 0.0011922736009170373
4736.8421052631575 0.0010410741124974867
4794.736842105262 0.0008846831858469797
4847.368421052632 0.0008157069348412193
4921.0526315789475 0.0007123982166277798
4963.1578947368425 0.0006391567784620591
5010.526315789474 0.0005892953891099896
5047.368421052631 0.0005432718621437871
5084.210526315789 0.0005008427380416683
5105.263157894737 0.0004874880788620765
